0 0.200367 0.400514 0.024469 0.023056
0 0.447813 0.457743 0.046500 0.048264
0 0.217574 0.399590 0.012445 0.023431
0 0.722695 0.548438 0.062578 0.070153
0 0.594102 0.532708 0.045391 0.052639
0 0.838176 0.618333 0.090055 0.076667
0 0.499609 0.556285 0.063125 0.071875
0 0.532070 0.678882 0.068516 0.113625
0 0.490848 0.462472 0.037211 0.040222
0 0.625258 0.499549 0.050578 0.053181
0 0.440055 0.581764 0.050984 0.067083
0 0.351289 0.471597 0.042422 0.067083
0 0.175789 0.391403 0.020500 0.016722
0 0.289453 0.598785 0.080000 0.173681
0 0.340273 0.543194 0.041797 0.062778
0 0.971395 0.719569 0.057211 0.091944
0 0.834367 0.551785 0.078797 0.063347
0 0.513563 0.440056 0.051547 0.044750
0 0.431148 0.422097 0.031453 0.029472
0 0.248813 0.520000 0.045922 0.077417
0 0.254355 0.459139 0.029570 0.032861
0 0.243496 0.433132 0.037242 0.034597
0 0.285516 0.405243 0.028031 0.029125
0 0.325543 0.418812 0.029117 0.027875
0 0.383297 0.427153 0.021141 0.027639
0 0.364523 0.435868 0.035953 0.030625
