0 0.196070 0.388875 0.019828 0.021250
0 0.293238 0.778486 0.072430 0.150000
0 0.508844 0.566375 0.054641 0.063167
0 0.292254 0.506646 0.039008 0.062097
0 0.737504 0.492535 0.051086 0.051847
0 0.747637 0.577972 0.068789 0.064361
0 0.544289 0.736319 0.073797 0.110417
0 0.300418 0.596910 0.041508 0.072986
0 0.894543 0.460250 0.065445 0.064389
0 0.328020 0.540278 0.038570 0.058056
0 0.250695 0.552917 0.039078 0.045833
0 0.321906 0.419514 0.039156 0.034167
0 0.331270 0.487368 0.037461 0.043347
0 0.733422 0.799229 0.113328 0.176653
0 0.910937 0.596910 0.086109 0.068847
0 0.917316 0.547910 0.070617 0.045347
0 0.431770 0.509271 0.045758 0.062819
0 0.431133 0.570958 0.032797 0.062361
0 0.391793 0.634451 0.087820 0.192069
0 0.370629 0.476056 0.036352 0.039778
0 0.401883 0.415722 0.031234 0.034806
0 0.259805 0.454167 0.031344 0.035028
0 0.261363 0.486924 0.031914 0.037542
0 0.289613 0.439937 0.038133 0.041125
0 0.260258 0.411472 0.029234 0.026667
0 0.272711 0.398812 0.017547 0.017625
0 0.211066 0.405146 0.021867 0.023958
