0 0.934699 0.691410 0.082008 0.074958
0 0.445430 0.574340 0.051016 0.067708
0 0.609297 0.473514 0.045781 0.050472
0 0.282738 0.782111 0.078508 0.169556
0 0.979398 0.580125 0.041125 0.071694
0 0.676910 0.580743 0.062211 0.066819
0 0.522504 0.693181 0.066523 0.116250
0 0.682719 0.721694 0.086203 0.128083
0 0.811191 0.676153 0.085023 0.082917
0 0.237582 0.521576 0.036867 0.047486
0 0.345457 0.467799 0.035242 0.026986
0 0.339941 0.494118 0.040695 0.052319
0 0.329828 0.545937 0.042547 0.057319
0 0.286051 0.630729 0.047367 0.077042
0 0.274965 0.592507 0.039305 0.060319
0 0.928234 0.608486 0.081813 0.075306
0 0.397578 0.660625 0.072656 0.137917
0 0.588945 0.533264 0.049453 0.051250
0 0.279773 0.992021 0.073141 0.015958
0 0.676008 0.964222 0.108750 0.071556
0 0.545672 0.584340 0.067875 0.097931
0 0.499684 0.484319 0.047789 0.048389
0 0.536859 0.434493 0.038234 0.033986
0 0.473094 0.423951 0.046625 0.047542
0 0.443730 0.466757 0.038961 0.040236
0 0.381945 0.420194 0.035859 0.036389
0 0.391578 0.445868 0.034500 0.029097
0 0.314063 0.416486 0.029156 0.029667
0 0.263113 0.449903 0.038070 0.037722
0 0.239883 0.465736 0.036328 0.038889
0 0.198637 0.476542 0.040336 0.053000
0 0.213887 0.438472 0.033711 0.029667
0 0.263363 0.412479 0.026242 0.026319
0 0.234684 0.402819 0.031867 0.029000
0 0.188199 0.396986 0.019117 0.017333
0 0.171422 0.393153 0.013688 0.017000
0 0.660117 0.474583 0.046328 0.036667
0 0.887238 0.962799 0.140836 0.074403
