0 0.477758 0.613340 0.062297 0.087264
0 0.965617 0.707667 0.064375 0.065278
0 0.762918 0.409319 0.037430 0.050444
0 0.686523 0.742688 0.090188 0.116347
0 0.271941 0.832722 0.080508 0.161889
0 0.275813 0.707993 0.062688 0.101264
0 0.608117 0.889674 0.110719 0.182292
0 0.768801 0.568944 0.067367 0.067306
0 0.814422 0.519597 0.059906 0.057917
0 0.772852 0.652861 0.078312 0.090583
0 0.594621 0.464972 0.034055 0.038944
0 0.376980 0.618535 0.055258 0.096819
0 0.497312 0.481007 0.042719 0.039514
0 0.323867 0.423750 0.034609 0.026944
0 0.554336 0.465694 0.054297 0.052222
0 0.265527 0.412194 0.025289 0.026000
0 0.237863 0.411056 0.025289 0.025111
0 0.237367 0.534042 0.037766 0.045250
0 0.317941 0.404938 0.023180 0.017569
0 0.395906 0.447215 0.033672 0.028597
0 0.426406 0.439444 0.039688 0.033333
0 0.187781 0.398556 0.025203 0.020917
0 0.267813 0.491458 0.043281 0.041806
0 0.306652 0.470486 0.038086 0.037833
0 0.462457 0.949444 0.114758 0.095083
0 0.634844 0.560069 0.055469 0.055694
