0 0.877773 0.645674 0.082687 0.071264
0 0.715336 0.513646 0.055375 0.059792
0 0.850840 0.694007 0.089523 0.083181
0 0.209707 0.402965 0.019820 0.025431
0 0.175703 0.394493 0.021078 0.018292
0 0.261969 0.397153 0.027062 0.020139
0 0.240937 0.410389 0.034203 0.027528
0 0.224828 0.386590 0.025828 0.024542
0 0.229230 0.452326 0.036867 0.037014
0 0.264586 0.484715 0.036000 0.043958
0 0.236824 0.520958 0.035570 0.053972
0 0.308781 0.402354 0.031234 0.020819
0 0.372000 0.407181 0.030141 0.026611
0 0.421457 0.547035 0.054117 0.062986
0 0.487312 0.436687 0.034719 0.041569
0 0.444191 0.463194 0.038086 0.036833
0 0.458824 0.448507 0.027023 0.034847
0 0.493883 0.553146 0.050531 0.052819
0 0.596465 0.464861 0.031664 0.038556
0 0.312891 0.426042 0.027031 0.027361
0 0.362777 0.435208 0.033664 0.034306
0 0.576590 0.483083 0.050211 0.052889
0 0.455773 0.602847 0.052172 0.077917
0 0.266719 0.588264 0.044375 0.075417
0 0.520664 0.662292 0.070859 0.122083
0 0.339598 0.542938 0.049242 0.061986
0 0.283965 0.689444 0.062305 0.120278
0 0.409402 0.677014 0.059086 0.112917
0 0.674863 0.960819 0.116602 0.078361
0 0.249688 0.916250 0.100312 0.163333
0 0.775113 0.870417 0.117883 0.148306
0 0.701258 0.598917 0.064859 0.071306
