0 0.290547 0.503799 0.037656 0.049764
0 0.551199 0.473090 0.049008 0.053681
0 0.262273 0.898576 0.121719 0.191597
0 0.778648 0.647979 0.086984 0.107069
0 0.839727 0.615944 0.075859 0.069472
0 0.616543 0.499222 0.051570 0.056500
0 0.284766 0.627667 0.061094 0.107722
0 0.733922 0.518403 0.048406 0.050639
0 0.699281 0.538646 0.055500 0.056736
0 0.476270 0.632667 0.059898 0.081889
0 0.438078 0.582187 0.048578 0.062819
0 0.623305 0.679708 0.078016 0.101861
0 0.324055 0.447542 0.038141 0.047944
0 0.230078 0.467972 0.032094 0.035444
0 0.274508 0.463236 0.034750 0.032750
0 0.269191 0.436069 0.032852 0.029028
0 0.236625 0.443660 0.036078 0.026681
0 0.173977 0.378514 0.061937 0.068361
0 0.255082 0.403292 0.023398 0.022444
0 0.266500 0.416792 0.018438 0.013111
0 0.298840 0.405819 0.026383 0.018917
0 0.340258 0.419438 0.030359 0.021431
0 0.224430 0.409729 0.023172 0.022181
0 0.542652 0.583222 0.055602 0.077667
0 0.460715 0.521500 0.050055 0.062444
0 0.378371 0.513472 0.043727 0.060556
0 0.385273 0.485861 0.037406 0.038139
0 0.368789 0.441778 0.023469 0.027444
0 0.403320 0.450403 0.033516 0.034139
0 0.464305 0.454049 0.035609 0.030931
0 0.515961 0.433875 0.044531 0.037583
0 0.560063 0.449431 0.034719 0.033361
0 0.660871 0.467035 0.046227 0.037736
0 0.989645 0.642319 0.020383 0.057972
0 0.326836 0.540764 0.037422 0.066528
