0 0.195293 0.436882 0.017586 0.024208
0 0.205719 0.485049 0.034187 0.055486
0 0.560652 0.515958 0.046508 0.047806
0 0.287500 0.501903 0.036250 0.041806
0 0.774004 0.539354 0.052148 0.039958
0 0.742063 0.561125 0.059000 0.054778
0 0.394531 0.689931 0.061406 0.092361
0 0.242344 0.468333 0.035937 0.052778
0 0.266391 0.541111 0.038313 0.059722
0 0.866172 0.720812 0.094688 0.097514
0 0.620637 0.550562 0.052273 0.055542
0 0.428215 0.502854 0.043023 0.049264
0 0.368203 0.510486 0.045359 0.057972
0 0.732398 0.617778 0.069656 0.060556
0 0.662699 0.495417 0.045695 0.026556
0 0.454441 0.960201 0.116633 0.079597
0 0.509559 0.434326 0.113148 0.112486
0 0.438594 0.442722 0.032734 0.039444
0 0.364031 0.418507 0.012766 0.017153
0 0.348430 0.431361 0.034891 0.032278
0 0.502387 0.554028 0.049195 0.056472
0 0.659371 0.514181 0.059820 0.047861
0 0.221535 0.426299 0.032617 0.024208
0 0.217848 0.400326 0.028648 0.024208
