0 0.815590 0.929028 0.149664 0.141944
0 0.575605 0.480167 0.052039 0.051056
0 0.847422 0.556250 0.059688 0.060000
0 0.719922 0.598625 0.065781 0.069417
0 0.527695 0.727917 0.067578 0.103056
0 0.776523 0.561965 0.082266 0.095319
0 0.780000 0.421813 0.036672 0.046069
0 0.305273 0.414583 0.020391 0.022222
0 0.478426 0.438611 0.037367 0.031944
0 0.613719 0.474312 0.036594 0.038903
0 0.482926 0.472014 0.041492 0.034583
0 0.385262 0.626479 0.058227 0.094069
0 0.584730 0.526306 0.048977 0.045833
0 0.454805 0.590111 0.055859 0.076167
0 0.273984 0.601042 0.042969 0.075139
0 0.429746 0.936861 0.110836 0.126278
0 0.345750 0.490354 0.042250 0.054319
0 0.373281 0.442236 0.032031 0.033472
0 0.407266 0.436472 0.032187 0.031111
0 0.185238 0.388681 0.019727 0.021250
0 0.171344 0.396208 0.018406 0.019583
0 0.211660 0.403215 0.025680 0.021319
0 0.249750 0.397486 0.026187 0.018917
0 0.263379 0.485319 0.038367 0.047972
0 0.257871 0.552799 0.038586 0.056069
0 0.452820 0.522222 0.045078 0.051806
