0 0.347578 0.436944 0.028906 0.024167
0 0.244141 0.468889 0.036094 0.046667
0 0.622055 0.452597 0.045437 0.030194
0 0.633238 0.477174 0.044617 0.037236
0 0.765852 0.602361 0.068687 0.075500
0 0.835090 0.689382 0.090305 0.084542
0 0.614559 0.504097 0.048133 0.050778
0 0.431387 0.948097 0.127383 0.103806
0 0.218551 0.936021 0.120711 0.127958
0 0.217547 0.393118 0.010719 0.016958
0 0.200035 0.395826 0.025289 0.023792
0 0.382293 0.485597 0.040195 0.044250
0 0.312914 0.477993 0.037297 0.034847
0 0.261945 0.545347 0.040766 0.056861
0 0.272605 0.407813 0.028914 0.027569
0 0.304172 0.404375 0.028219 0.027639
0 0.825617 0.553174 0.072453 0.071042
0 0.970727 0.722021 0.058547 0.091569
0 0.322680 0.417674 0.028563 0.028514
0 0.323086 0.527014 0.045547 0.079861
0 0.281484 0.654306 0.056562 0.101667
0 0.555801 0.460417 0.035586 0.042222
0 0.484836 0.458951 0.031734 0.027653
0 0.559062 0.774931 0.079219 0.117639
0 0.502031 0.651181 0.068281 0.113750
0 0.460273 0.470764 0.036797 0.036528
0 0.390273 0.432222 0.030703 0.029167
