0 0.870227 0.934375 0.142516 0.131250
0 0.495090 0.627771 0.060445 0.100292
0 0.918793 0.654424 0.097570 0.108375
0 0.466555 0.448493 0.038766 0.030875
0 0.308895 0.520139 0.039508 0.055278
0 0.400254 0.677014 0.059492 0.109583
0 0.418828 0.434514 0.038125 0.030694
0 0.369738 0.591181 0.046039 0.065972
0 0.344414 0.405903 0.037422 0.017917
0 0.173730 0.398951 0.016211 0.017486
0 0.187430 0.393937 0.014953 0.015597
0 0.217445 0.406111 0.022281 0.019889
0 0.238520 0.402854 0.022383 0.017847
0 0.261789 0.414757 0.021437 0.020069
0 0.296883 0.417826 0.030750 0.021014
0 0.346086 0.423778 0.031688 0.023222
0 0.404973 0.416431 0.031273 0.031250
0 0.466363 0.420771 0.032742 0.022931
0 0.199527 0.448750 0.016523 0.032833
0 0.249586 0.445583 0.033047 0.034556
0 0.257434 0.481437 0.035133 0.041764
0 0.331477 0.484743 0.038391 0.044347
0 0.375914 0.477840 0.045734 0.040903
0 0.374672 0.521632 0.042781 0.048903
0 0.530480 0.585743 0.052398 0.063458
0 0.663434 0.967083 0.109727 0.065833
0 0.542355 0.458062 0.047258 0.036986
0 0.969582 0.834361 0.058023 0.140417
0 0.693453 0.502632 0.035781 0.050653
0 0.443539 0.502944 0.049437 0.066778
0 0.657918 0.699174 0.088586 0.113542
0 0.544996 0.502125 0.044727 0.050056
0 0.650879 0.573160 0.051320 0.038792
0 0.628617 0.510549 0.052250 0.047597
0 0.703902 0.503556 0.056852 0.056694
0 0.766156 0.642278 0.077375 0.085111
0 0.597602 0.826569 0.094047 0.139778
