0 0.564805 0.478188 0.051641 0.050847
0 0.361301 0.412861 0.027805 0.025694
0 0.343641 0.433340 0.024844 0.025569
0 0.300148 0.423153 0.025297 0.023444
0 0.258281 0.550347 0.040156 0.072917
0 0.965938 0.603889 0.067969 0.073056
0 0.651328 0.444764 0.123438 0.096806
0 0.372406 0.511882 0.042000 0.049542
0 0.273789 0.493514 0.035859 0.043056
0 0.319090 0.481312 0.037602 0.034292
0 0.778430 0.655236 0.084578 0.071583
0 0.386965 0.429806 0.029914 0.029306
0 0.709703 0.551840 0.060687 0.062014
0 0.254738 0.946889 0.112883 0.106222
0 0.470148 0.972875 0.102984 0.054250
0 0.626316 0.872882 0.116430 0.165625
0 0.506988 0.425708 0.102383 0.084389
0 0.821422 0.559021 0.067625 0.055764
0 0.423516 0.562639 0.047969 0.074167
0 0.300586 0.652917 0.050391 0.096111
0 0.331328 0.539931 0.040938 0.060972
0 0.571055 0.522292 0.046328 0.047083
0 0.803594 0.508611 0.066719 0.055278
0 0.682109 0.499306 0.050625 0.048333
0 0.283633 0.404972 0.028563 0.024528
0 0.248766 0.405604 0.027375 0.028431
0 0.220824 0.392931 0.021055 0.018500
0 0.206305 0.394000 0.022750 0.024083
0 0.190090 0.436278 0.032914 0.051417
0 0.178836 0.398840 0.017672 0.021736
