0 0.507133 0.464465 0.040359 0.037986
0 0.308320 0.530000 0.042266 0.067500
0 0.423809 0.421687 0.037070 0.034153
0 0.854777 0.942514 0.110445 0.108250
0 0.179348 0.414681 0.010055 0.026472
0 0.194895 0.443479 0.014758 0.031681
0 0.192660 0.476521 0.010773 0.033986
0 0.567254 0.447688 0.039867 0.032847
0 0.560555 0.491125 0.041859 0.039583
0 0.343902 0.494535 0.038883 0.041764
0 0.294008 0.466028 0.039203 0.047528
0 0.186945 0.396389 0.024703 0.024167
0 0.230762 0.400500 0.013633 0.020417
0 0.252465 0.407493 0.029742 0.025708
0 0.341684 0.411847 0.027477 0.019917
0 0.596672 0.641319 0.067969 0.084806
0 0.433516 0.900229 0.104219 0.199542
0 0.333477 0.428062 0.029453 0.029153
0 0.238281 0.521667 0.039375 0.065000
0 0.631641 0.562153 0.051406 0.048750
0 0.830332 0.614514 0.072383 0.067639
0 0.858867 0.706667 0.104922 0.095000
0 0.662813 0.524861 0.050938 0.040556
0 0.380352 0.628542 0.049297 0.076528
0 0.986684 0.636264 0.026180 0.087583
0 0.273965 0.837993 0.085648 0.138764
